Barcelona
1 Ter-Stegen
3 Pique
15 Lenglet
20 Sergi
18 Alba
4 Rakitic
5 Sergio
8 Arthur
7 Coutinho
12 Rafinha
9 Suarez
Real Madrid
13 Courtois
5 Varane
4 Ramos
6 Nacho
12 Marcelo
14 Casemiro
10 Modric
8 Kroos
23 Isco
11 Bale
9 Benzema
Passes1
1 3 15
1 15 13
1 20 7
1 18 8
1 4 5
1 5 6
1 8 4
1 7 2
1 12 1
1 9 1
3 15 16
3 20 9
3 18 15
3 4 13
3 5 21
3 8 14
3 7 8
3 12 6
3 9 3
15 20 14
15 18 7
15 4 11
15 5 17
15 8 9
15 7 9
15 12 3
15 9 1
20 18 6
20 4 12
20 5 15
20 8 14
20 7 13
20 12 5
20 9 8
18 4 9
18 5 11
18 8 6
18 7 7
18 12 11
18 9 4
4 5 27
4 8 23
4 7 18
4 12 17
4 9 15
5 8 32
5 7 17
5 12 14
5 9 8
8 7 26
8 12 17
8 9 13
7 12 9
7 9 13
12 9 12
Passes2
13 5 15
13 4 13
13 6 7
13 12 5
13 14 3
13 10 5
13 8 3
13 23 1
13 11 3
13 9 2
5 4 12
5 6 5
5 12 10
5 14 8
5 10 15
5 8 11
5 23 4
5 11 3
5 9 1
4 6 10
4 12 6
4 14 15
4 10 12
4 8 8
4 23 4
4 11 2
4 9 5
6 12 2
6 14 9
6 10 7
6 8 8
6 23 5
6 11 3
6 9 2
12 14 12
12 10 8
12 8 9
12 23 5
12 11 13
12 9 4
14 10 24
14 8 23
14 23 13
14 11 14
14 9 7
10 8 27
10 23 16
10 11 12
10 9 7
8 23 20
8 11 13
8 9 10
23 11 6
23 9 9
11 9 10